*heading
cantilever beam (units: N, m, C)
*nodal coordinate
      1,          -5.,          -5.,          10.
      2,          -5.,           0.,          10.
      3,          -5.,           5.,          10.
      4,          -5.,          -5.,           5.
      5,          -5.,           0.,           5.
      6,          -5.,           5.,           5.
      7,          -5.,          -5.,           0.
      8,          -5.,           0.,           0.
      9,          -5.,           5.,           0.
     10,          -4.,          -5.,          10.
     11,          -4.,           0.,          10.
     12,          -4.,           5.,          10.
     13,          -4.,          -5.,           5.
     14,          -4.,           0.,           5.
     15,          -4.,           5.,           5.
     16,          -4.,          -5.,           0.
     17,          -4.,           0.,           0.
     18,          -4.,           5.,           0.
     19,          -3.,          -5.,          10.
     20,          -3.,           0.,          10.
     21,          -3.,           5.,          10.
     22,          -3.,          -5.,           5.
     23,          -3.,           0.,           5.
     24,          -3.,           5.,           5.
     25,          -3.,          -5.,           0.
     26,          -3.,           0.,           0.
     27,          -3.,           5.,           0.
     28,          -2.,          -5.,          10.
     29,          -2.,           0.,          10.
     30,          -2.,           5.,          10.
     31,          -2.,          -5.,           5.
     32,          -2.,           0.,           5.
     33,          -2.,           5.,           5.
     34,          -2.,          -5.,           0.
     35,          -2.,           0.,           0.
     36,          -2.,           5.,           0.
     37,          -1.,          -5.,          10.
     38,          -1.,           0.,          10.
     39,          -1.,           5.,          10.
     40,          -1.,          -5.,           5.
     41,          -1.,           0.,           5.
     42,          -1.,           5.,           5.
     43,          -1.,          -5.,           0.
     44,          -1.,           0.,           0.
     45,          -1.,           5.,           0.
     46,           0.,          -5.,          10.
     47,           0.,           0.,          10.
     48,           0.,           5.,          10.
     49,           0.,          -5.,           5.
     50,           0.,           0.,           5.
     51,           0.,           5.,           5.
     52,           0.,          -5.,           0.
     53,           0.,           0.,           0.
     54,           0.,           5.,           0.
     55,           1.,          -5.,          10.
     56,           1.,           0.,          10.
     57,           1.,           5.,          10.
     58,           1.,          -5.,           5.
     59,           1.,           0.,           5.
     60,           1.,           5.,           5.
     61,           1.,          -5.,           0.
     62,           1.,           0.,           0.
     63,           1.,           5.,           0.
     64,           2.,          -5.,          10.
     65,           2.,           0.,          10.
     66,           2.,           5.,          10.
     67,           2.,          -5.,           5.
     68,           2.,           0.,           5.
     69,           2.,           5.,           5.
     70,           2.,          -5.,           0.
     71,           2.,           0.,           0.
     72,           2.,           5.,           0.
     73,           3.,          -5.,          10.
     74,           3.,           0.,          10.
     75,           3.,           5.,          10.
     76,           3.,          -5.,           5.
     77,           3.,           0.,           5.
     78,           3.,           5.,           5.
     79,           3.,          -5.,           0.
     80,           3.,           0.,           0.
     81,           3.,           5.,           0.
     82,           4.,          -5.,          10.
     83,           4.,           0.,          10.
     84,           4.,           5.,          10.
     85,           4.,          -5.,           5.
     86,           4.,           0.,           5.
     87,           4.,           5.,           5.
     88,           4.,          -5.,           0.
     89,           4.,           0.,           0.
     90,           4.,           5.,           0.
     91,           5.,          -5.,          10.
     92,           5.,           0.,          10.
     93,           5.,           5.,          10.
     94,           5.,          -5.,           5.
     95,           5.,           0.,           5.
     96,           5.,           5.,           5.
     97,           5.,          -5.,           0.
     98,           5.,           0.,           0.
     99,           5.,           5.,           0.
*nodal fixity
1,known,known,known,0,0,0
2,known,known,known,0,0,0
3,known,known,known,0,0,0
4,known,known,known,0,0,0
5,known,known,known,0,0,0
6,known,known,known,0,0,0
7,known,known,known,0,0,0
8,known,known,known,0,0,0
9,known,known,known,0,0,0
91,free,known,free,0,5,0
92,free,known,free,0,5,0
93,free,known,free,0,5,0
94,free,known,free,0,5,0
95,free,known,free,0,5,0
96,free,known,free,0,5,0
97,free,known,free,0,5,0
98,free,known,free,0,5,0
99,free,known,free,0,5,0
*nodal loads

*element data
1,10,11,14,13,1,2,5,4,210000,	0.3,	1.00E-06
2,11,12,15,14,2,3,6,5,210000,	0.3,	1.00E-06
3,13,14,17,16,4,5,8,7,210000,	0.3,	1.00E-06
4,14,15,18,17,5,6,9,8,210000,	0.3,	1.00E-06
5,19,20,23,22,10,11,14,13,210000,	0.3,	1.00E-06
6,20,21,24,23,11,12,15,14,210000,	0.3,	1.00E-06
7,22,23,26,25,13,14,17,16,210000,	0.3,	1.00E-06
8,23,24,27,26,14,15,18,17,210000,	0.3,	1.00E-06
9,28,29,32,31,19,20,23,22,210000,	0.3,	1.00E-06
10,29,30,33,32,20,21,24,23,210000,	0.3,	1.00E-06
11,31,32,35,34,22,23,26,25,210000,	0.3,	1.00E-06
12,32,33,36,35,23,24,27,26,210000,	0.3,	1.00E-06
13,37,38,41,40,28,29,32,31,210000,	0.3,	1.00E-06
14,38,39,42,41,29,30,33,32,210000,	0.3,	1.00E-06
15,40,41,44,43,31,32,35,34,210000,	0.3,	1.00E-06
16,41,42,45,44,32,33,36,35,210000,	0.3,	1.00E-06
17,46,47,50,49,37,38,41,40,210000,	0.3,	1.00E-06
18,47,48,51,50,38,39,42,41,210000,	0.3,	1.00E-06
19,49,50,53,52,40,41,44,43,210000,	0.3,	1.00E-06
20,50,51,54,53,41,42,45,44,210000,	0.3,	1.00E-06
21,55,56,59,58,46,47,50,49,210000,	0.3,	1.00E-06
22,56,57,60,59,47,48,51,50,210000,	0.3,	1.00E-06
23,58,59,62,61,49,50,53,52,210000,	0.3,	1.00E-06
24,59,60,63,62,50,51,54,53,210000,	0.3,	1.00E-06
25,64,65,68,67,55,56,59,58,210000,	0.3,	1.00E-06
26,65,66,69,68,56,57,60,59,210000,	0.3,	1.00E-06
27,67,68,71,70,58,59,62,61,210000,	0.3,	1.00E-06
28,68,69,72,71,59,60,63,62,210000,	0.3,	1.00E-06
29,73,74,77,76,64,65,68,67,210000,	0.3,	1.00E-06
30,74,75,78,77,65,66,69,68,210000,	0.3,	1.00E-06
31,76,77,80,79,67,68,71,70,210000,	0.3,	1.00E-06
32,77,78,81,80,68,69,72,71,210000,	0.3,	1.00E-06
33,82,83,86,85,73,74,77,76,210000,	0.3,	1.00E-06
34,83,84,87,86,74,75,78,77,210000,	0.3,	1.00E-06
35,85,86,89,88,76,77,80,79,210000,	0.3,	1.00E-06
36,86,87,90,89,77,78,81,80,210000,	0.3,	1.00E-06
37,91,92,95,94,82,83,86,85,210000,	0.3,	1.00E-06
38,92,93,96,95,83,84,87,86,210000,	0.3,	1.00E-06
39,94,95,98,97,85,86,89,88,210000,	0.3,	1.00E-06
40,95,96,99,98,86,87,90,89,210000,	0.3,	1.00E-06
*element loads
*end

